1000 7
10000 1
1100 1
12 85
1200 3
12000 1
12500 1
1300 3
1400 2
1500 6
15000 2
1600 3
16000 2
1700 5
17600 1
18 20
1800 1
1900 3
1万 26
2000 3
20000 1
2100 1
2200 1
22000 1
2300 4
23000 1
24 49
24000 1
24400 1
2500 3
26000 1
2700 1
2800 3
2万 15
3000 10
3200 2
32000 1
3400 1
35000 2
36 28
36000 1
3800 3
3万 7
4000 2
4100 1
4200 1
4300 1
43700 1
4500 2
4万 7
500 7
5000 20
5200 1
5500 1
56000 1
5万 6
600 6
6000 4
6400 2
6500 1
6600 1
700 4
7000 3
7500 1
7800 1
7万 1
800 7
8000 5
8万 1
900 4
9000 1
9期 1
一万 5
一万两千 2
一千 1
三万 1
两千 1
五千 2
使用 162
使用额 3
借款 1
全部 1
全额 2
六千 1
利息 1
剩余 3
十二 1
合同 2
周转 1
四千 2
处理 1
所有 1
提前 83
期待 1
期数 1
期限 170
本人 1
本金 1
款金 1
款项 1
申请 142
结清 3
谢谢 1
资金 1
还款 99
金额 108
问题 1
限期 2
额度 156
